# WaveFront *.obj file (generated by CINEMA 4D)

mtllib ./Cancela.mtl

v -164.45887756347656 93.83104705810547 7.32007217407227
v -164.46090698242188 93.84020233154297 4.71879720687866
v -163.90345764160156 -0.88335287570953 6.98636198043823
v -163.90548706054688 -0.87419962882996 4.38508749008179
v -173.90328979492188 -0.94201987981796 6.99395704269409
v -173.90531921386719 -0.93286663293838 4.39268255233765
v -174.45870971679688 93.77237701416016 7.32766675949097
v -174.46073913574219 93.78153228759766 4.72639226913452
v -164.4051513671875 93.80902862548828 1.24610388278961
v -164.40702819824219 93.79315185546875 -1.35513842105865
v -163.84904479980469 -0.9041942358017 1.82368195056915
v -163.85093688964844 -0.92006814479828 -0.7775604724884
v -173.848876953125 -0.96286123991013 1.83127689361572
v -173.85075378417969 -0.97873514890671 -0.76996552944183
v -174.40498352050781 93.75035858154297 1.25369882583618
v -174.4068603515625 93.73448944091797 -1.34754347801208
v 25.22049331665039 94.94385528564453 7.17600917816162
v 25.21846389770508 94.95301055908203 4.57473468780518
v 25.77591133117676 0.2294590473175 6.84229946136475
v 25.77388191223145 0.23861229419708 4.24102449417114
v 15.77608585357666 0.17079202830791 6.84989404678345
v 15.77405643463135 0.17994527518749 4.248619556427
v 15.22066879272461 94.88519287109375 7.18360424041748
v 15.2186393737793 94.89434051513672 4.58232927322388
v 25.21601104736328 94.92150115966797 1.10208523273468
v 25.2141284942627 94.90562438964844 -1.49915707111359
v 25.77211380004883 0.2082761824131 1.67966330051422
v 25.77023124694824 0.19240228831768 -0.92157912254334
v 15.77228927612305 0.14960916340351 1.68725824356079
v 15.77040672302246 0.13373526930809 -0.91398417949677
v 15.2161865234375 94.86283111572266 1.10968017578125
v 15.21430397033691 94.84695434570312 -1.49156212806702
v 20.08983421325684 80.54003143310547 1.14442050457001
v 20.07291603088379 80.56325531005859 -1.45671224594116
v -168.08152770996094 12.78197383880615 1.76347422599792
v -168.09844970703125 12.80519676208496 -0.83765852451324
v -171.46894836425781 22.19017028808594 1.86950433254242
v -171.48587036132812 22.21339225769043 -0.73162841796875
v 16.70241546630859 89.94822692871094 1.2504506111145
v 16.68549537658691 89.97145080566406 -1.35068213939667
v 19.62729454040527 15.10921382904053 6.42682313919067
v 19.61161231994629 15.08929824829102 3.82565522193909
v -169.64253234863281 79.73519134521484 7.07320642471313
v -169.658203125 79.71527099609375 4.47203874588013
v -166.41163635253906 89.19842529296875 6.98127365112305
v -166.42730712890625 89.17851257324219 4.38010549545288
v 22.85819244384766 24.57245063781738 6.33488988876343
v 22.84251022338867 24.55253601074219 3.73372197151184
v 25.53545379638672 80.74233245849609 4.16970491409302
v 25.533447265625 80.74761962890625 1.5684198141098
v -174.45893859863281 79.25267791748047 4.32095956802368
v -174.46095275878906 79.25796508789062 1.71967399120331
v -174.53340148925781 89.25238037109375 4.34134292602539
v -174.53541564941406 89.25766754150391 1.74005746841431
v 25.46098518371582 90.74203491210938 4.19008874893188
v 25.4589786529541 90.74732208251953 1.58880317211151
v 25.53545379638672 63.74233245849609 4.16970491409302
v 25.533447265625 63.74761962890625 1.5684198141098
v -174.45893859863281 62.25267791748047 4.32095956802368
v -174.46095275878906 62.25796508789062 1.71967399120331
v -174.53340148925781 72.25238037109375 4.34134292602539
v -174.53541564941406 72.25766754150391 1.74005746841431
v 25.46098518371582 73.74203491210938 4.19008874893188
v 25.4589786529541 73.74732208251953 1.58880317211151
v 25.53545379638672 46.74233245849609 4.16970491409302
v 25.533447265625 46.74761962890625 1.5684198141098
v -174.45893859863281 45.25267791748047 4.32095956802368
v -174.46095275878906 45.25796508789062 1.71967399120331
v -174.53340148925781 55.25238037109375 4.34134292602539
v -174.53541564941406 55.25766754150391 1.74005746841431
v 25.46098518371582 56.74203491210938 4.19008874893188
v 25.4589786529541 56.74732208251953 1.58880317211151
v 25.53545379638672 29.74233245849609 4.16970491409302
v 25.533447265625 29.74761962890625 1.5684198141098
v -174.45893859863281 28.25267791748047 4.32095956802368
v -174.46095275878906 28.25796508789062 1.71967399120331
v -174.53340148925781 38.25238037109375 4.34134292602539
v -174.53541564941406 38.25766754150391 1.74005746841431
v 25.46098518371582 39.74203491210938 4.19008874893188
v 25.4589786529541 39.74732208251953 1.58880317211151
v 25.66264533996582 12.74233245849609 4.13488960266113
v 25.6606388092041 12.74761962890625 1.53360438346863
v -174.33175659179688 11.25267791748047 4.28614377975464
v -174.33375549316406 11.25796604156494 1.68485856056213
v -174.40621948242188 21.25238037109375 4.30652713775635
v -174.40821838378906 21.25766754150391 1.70524191856384
v 25.58817863464355 22.74203491210938 4.15527296066284
v 25.58617210388184 22.74732208251953 1.55398774147034
# 88 vertices

vn 0.99998247623444 0.00586672872305 -0.00075950106839
vn 0.00586398597807 -0.9999765753746 -0.00352324685082
vn -0.99998247623444 -0.00586672872305 0.0007595034549
vn -0.00586428958923 0.9999765753746 0.00352402660064
vn -0.00078015908366 0.00351872830652 -0.99999350309372
vn 0.0007801342872 -0.00351873063482 0.99999350309372
vn 0.99998247623444 0.00586665887386 -0.0007602389087
vn 0.00587122468278 -0.99996417760849 0.00609796168283
vn -0.99998247623444 -0.00586675712839 0.00075729453238
vn -0.00587114226073 0.99996417760849 -0.00609761150554
vn -0.00072369293775 -0.00610231049359 -0.99998110532761
vn 0.00072369200643 0.00610231142491 0.99998110532761
vn 0.99998247623444 0.00586670869961 -0.00075950892642
vn 0.00586399063468 -0.9999765753746 -0.00352324661799
vn -0.99998247623444 -0.00586669892073 0.00075951119652
vn -0.00586391333491 0.9999765753746 0.0035225590691
vn -0.00078013382154 0.00351873063482 -0.99999350309372
vn 0.00078013417078 -0.00351873110048 0.99999350309372
vn 0.99998247623444 0.00586670357734 -0.00075950438622
vn 0.00587122607976 -0.99996417760849 0.00609796028584
vn -0.99998247623444 -0.00586670357734 0.00075950112659
vn -0.00587152969092 0.99996417760849 -0.00609906576574
vn -0.00072369060945 -0.00610231049359 -0.99998110532761
vn 0.00072369258851 0.00610231142491 0.99998110532761
vn 0.33874198794365 -0.94081956148148 -0.01060433778912
vn -0.94085681438446 -0.33879035711288 0.00309621519409
vn -0.33874198794365 0.94081956148148 0.01060236431658
vn 0.94085681438446 0.33879029750824 -0.0030949653592
vn -0.00650428654626 0.00892741885036 -0.99993902444839
vn 0.0065042860806 -0.00892741791904 0.99993902444839
vn -0.32308980822563 -0.94632363319397 0.00919360853732
vn -0.94634920358658 0.32312962412834 0.00322719011456
vn 0.32308983802795 0.94632369279861 -0.00919143669307
vn 0.94634908437729 -0.32312989234924 -0.0032314946875
vn -0.00602907733992 -0.00765589252114 -0.99995249509811
vn 0.00602907175198 0.00765587389469 0.99995249509811
vn 0.00744671840221 -0.99997019767761 -0.00203820690513
vn -0.99997198581696 -0.00744784949347 0.00075913488399
vn -0.00744671793655 0.99997019767761 0.00203821738251
vn 0.99997198581696 0.0074484157376 -0.00075620145071
vn -0.0007714307867 0.00203265273012 -0.99999761581421
vn 0.00077143183444 -0.00203267089091 0.99999761581421
vn 0.00744671560824 -0.99997019767761 -0.00203838245943
vn -0.99997198581696 -0.00744783785194 0.0007532677846
vn -0.00744671840221 0.99997019767761 0.00203822506592
vn 0.99997198581696 0.00744822481647 -0.00075620162534
vn -0.00077143061208 0.00203265040182 -0.99999761581421
vn 0.00077143061208 -0.00203265040182 0.99999761581421
# 48 normals

vt 0 0 0
vt 0 1 0
vt 1 1 0
vt 1 0 0
# 4 texture coordinates

o Cancela
usemtl Mat
f 3/4/1 4/3/1 2/2/1 1/1/1
f 5/4/2 6/3/2 4/2/2 3/1/2
f 7/4/3 8/3/3 6/2/3 5/1/3
f 1/4/4 2/3/4 8/2/4 7/1/4
f 4/4/5 6/3/5 8/2/5 2/1/5
f 5/4/6 3/3/6 1/2/6 7/1/6
f 11/4/7 12/3/7 10/2/7 9/1/7
f 13/4/8 14/3/8 12/2/8 11/1/8
f 15/4/9 16/3/9 14/2/9 13/1/9
f 9/4/10 10/3/10 16/2/10 15/1/10
f 12/4/11 14/3/11 16/2/11 10/1/11
f 13/4/12 11/3/12 9/2/12 15/1/12
f 19/4/13 20/3/13 18/2/13 17/1/13
f 21/4/14 22/3/14 20/2/14 19/1/14
f 23/4/15 24/3/15 22/2/15 21/1/15
f 17/4/16 18/3/16 24/2/16 23/1/16
f 20/4/17 22/3/17 24/2/17 18/1/17
f 21/4/18 19/3/18 17/2/18 23/1/18
f 27/4/19 28/3/19 26/2/19 25/1/19
f 29/4/20 30/3/20 28/2/20 27/1/20
f 31/4/21 32/3/21 30/2/21 29/1/21
f 25/4/22 26/3/22 32/2/22 31/1/22
f 28/4/23 30/3/23 32/2/23 26/1/23
f 29/4/24 27/3/24 25/2/24 31/1/24
f 35/4/25 36/3/25 34/2/25 33/1/25
f 37/4/26 38/3/26 36/2/26 35/1/26
f 39/4/27 40/3/27 38/2/27 37/1/27
f 33/4/28 34/3/28 40/2/28 39/1/28
f 36/4/29 38/3/29 40/2/29 34/1/29
f 37/4/30 35/3/30 33/2/30 39/1/30
f 43/4/31 44/3/31 42/2/31 41/1/31
f 45/4/32 46/3/32 44/2/32 43/1/32
f 47/4/33 48/3/33 46/2/33 45/1/33
f 41/4/34 42/3/34 48/2/34 47/1/34
f 44/4/35 46/3/35 48/2/35 42/1/35
f 45/4/36 43/3/36 41/2/36 47/1/36
f 51/4/37 52/3/37 50/2/37 49/1/37
f 53/4/38 54/3/38 52/2/38 51/1/38
f 55/4/39 56/3/39 54/2/39 53/1/39
f 49/4/40 50/3/40 56/2/40 55/1/40
f 52/4/41 54/3/41 56/2/41 50/1/41
f 53/4/42 51/3/42 49/2/42 55/1/42
f 59/4/37 60/3/37 58/2/37 57/1/37
f 61/4/38 62/3/38 60/2/38 59/1/38
f 63/4/39 64/3/39 62/2/39 61/1/39
f 57/4/40 58/3/40 64/2/40 63/1/40
f 60/4/41 62/3/41 64/2/41 58/1/41
f 61/4/42 59/3/42 57/2/42 63/1/42
f 67/4/37 68/3/37 66/2/37 65/1/37
f 69/4/38 70/3/38 68/2/38 67/1/38
f 71/4/39 72/3/39 70/2/39 69/1/39
f 65/4/40 66/3/40 72/2/40 71/1/40
f 68/4/41 70/3/41 72/2/41 66/1/41
f 69/4/42 67/3/42 65/2/42 71/1/42
f 75/4/37 76/3/37 74/2/37 73/1/37
f 77/4/38 78/3/38 76/2/38 75/1/38
f 79/4/39 80/3/39 78/2/39 77/1/39
f 73/4/40 74/3/40 80/2/40 79/1/40
f 76/4/41 78/3/41 80/2/41 74/1/41
f 77/4/42 75/3/42 73/2/42 79/1/42
f 83/4/43 84/3/43 82/2/43 81/1/43
f 85/4/44 86/3/44 84/2/44 83/1/44
f 87/4/45 88/3/45 86/2/45 85/1/45
f 81/4/46 82/3/46 88/2/46 87/1/46
f 84/4/47 86/3/47 88/2/47 82/1/47
f 85/4/48 83/3/48 81/2/48 87/1/48

